Germany-Skandinavia
1
    6.789550781 53.43571920
    5.800781250 51.94426487
    6.196289062 49.45384259
    7.866210937 48.86471476
    7.404785156 47.65058757
    10.12939453 47.30903424
    13.02978515 47.51720069
    12.89794921 48.16608541
    14.04052734 48.63290858
    12.17285156 50.26125382
    15.27099609 50.91688748
    14.37011718 53.94315470
    18.94042968 56.65622649
    22.71972656 59.64554025
    27.94921875 60.15244221
    31.72851562 62.91523303
    30.36621093 63.70472242
    31.06933593 64.24459476
    30.14648437 67.84241647
    31.90429687 70.72897946
    27.77343749 71.96538769
    23.07128906 71.66366293
    12.74414062 69.09993967
    6.328125000 65.07213008
    3.076171875 62.22699603
    3.251953125 59.53431800
    6.152343750 54.26522407
END
END
